837
534 10 4 253 3
16 7 1 208 0
888 4 3 414 0
209 4 1 837 0
888 9 0 250 2
241 3 2 633 2
449 4 0 750 2
12 7 3 457 5
12 6 2 511 2
888 1 4 870 5
435 7 1 183 3
13 4 5 209 0
914 5 1 715 0
888 4 0 85 2
888 5 3 163 5
155 6 4 393 2
501 1 1 225 1
888 4 3 500 0
146 6 3 645 2
550 1 2 848 2
5 6 2 217 3
345 9 5 29 1
741 5 3 522 5
734 10 5 686 0
622 1 0 930 2
345 1 1 59 4
12 4 5 528 1
517 8 3 840 4
66 5 2 971 1
4 5 5 393 0
994 3 3 119 4
543 8 4 781 5
888 8 5 439 1
543 10 1 205 3
888 7 5 359 2
888 9 3 573 1
245 3 4 945 1
821 3 1 934 4
543 1 5 799 5
14 2 1 36 1
888 2 3 461 3
651 6 2 911 4
888 9 1 46 5
888 7 5 976 4
401 7 0 922 0
7 5 2 648 2
888 1 1 149 0
888 5 4 249 4
2 5 2 58 3
736 8 0 296 4
622 6 2 105 0
589 6 1 303 1
345 7 3 886 3
226 4 1 39 1
16 10 5 277 3
538 6 2 905 3
249 6 0 911 3
453 9 2 695 1
388 6 0 701 5
476 5 4 632 2
165 6 4 619 5
999 1 0 209 1
344 9 3 601 5
681 6 4 444 1
534 4 4 558 3
10 10 2 9 3
888 5 1 928 1
888 1 4 697 0
577 4 2 185 2
9 9 0 933 1
8 9 1 361 4
543 3 5 598 0
4 5 1 963 3
435 2 1 717 2
888 2 0 430 0
227 8 0 61 0
816 2 3 208 0
345 2 1 762 5
345 4 0 925 3
888 10 2 202 5
413 3 2 165 2
273 3 4 341 3
888 3 2 170 4
354 5 3 20 3
543 1 1 14 2
888 6 1 425 0
19 3 5 480 2
1 1 1 852 2
250 7 2 516 3
7 3 5 684 4
823 2 2 913 1
888 5 4 812 5
593 8 2 170 4
386 2 3 154 1
449 8 2 44 5
17 1 3 592 1
435 3 1 22 3
888 7 0 405 5
15 8 0 38 4
453 8 4 555 1
5 1 4 222 5
890 7 3 115 3
13 6 0 253 2
983 7 0 30 3
544 10 0 192 4
10 5 4 15 4
759 3 2 246 1
12 3 4 607 5
5 7 0 617 1
805 6 2 242 0
326 5 1 214 0
12 8 4 761 3
10 5 2 103 5
618 3 5 683 4
20 8 0 857 1
888 3 3 498 4
18 9 3 196 1
543 7 5 535 2
789 9 5 294 1
2 4 1 150 3
888 9 5 703 5
17 6 5 823 2
888 8 4 572 0
888 4 2 405 4
534 5 2 176 3
146 4 3 137 5
20 7 2 773 2
536 4 1 285 4
453 1 0 860 2
772 7 0 308 4
4 7 4 102 1
888 2 5 645 3
354 9 2 23 0
888 7 0 792 2
888 9 2 736 5
242 10 5 703 5
7 9 5 313 1
453 3 2 178 3
888 4 3 643 5
4 5 2 319 0
340 10 1 994 1
435 1 4 388 4
610 3 1 619 5
416 4 5 120 2
888 3 5 819 2
393 2 3 770 1
17 7 1 876 3
435 3 4 934 5
534 1 2 740 3
13 4 0 570 2
704 7 5 472 4
73 5 2 196 0
5 1 0 374 0
17 4 2 365 5
8 8 5 26 1
888 3 1 729 0
592 7 5 417 0
677 5 4 311 5
824 3 5 603 3
15 4 2 361 3
103 10 4 610 2
888 3 2 742 1
453 5 2 459 4
990 10 1 891 1
888 9 4 257 4
516 10 1 856 1
552 10 1 981 2
11 7 4 248 4
945 3 0 41 5
809 3 3 631 5
89 4 4 875 3
534 8 1 716 0
345 2 3 446 2
725 8 3 403 2
354 6 3 582 5
888 1 1 641 1
888 7 5 653 2
13 8 3 593 4
968 6 0 874 5
285 10 0 76 0
47 7 0 937 2
534 10 4 223 1
453 2 5 545 2
111 8 5 335 4
435 8 3 664 2
111 5 2 359 3
5 7 2 354 1
888 7 1 898 2
610 7 2 460 0
19 3 0 54 3
888 1 5 696 0
2 2 0 464 2
345 4 5 55 4
888 3 3 61 3
888 2 4 596 1
345 1 2 506 1
888 1 5 661 3
561 7 1 703 1
46 7 3 651 2
4 2 2 577 2
1 9 2 987 5
345 6 5 161 1
888 6 2 820 1
888 7 2 398 5
345 7 2 374 4
888 3 0 754 5
888 3 3 757 2
7 9 0 433 4
421 4 0 211 3
354 4 5 947 3
849 4 4 448 0
555 8 0 789 0
888 2 2 806 3
2 7 5 446 5
543 9 2 376 0
888 3 0 468 1
18 6 1 267 3
888 9 2 400 2
685 5 2 857 4
435 8 3 221 3
11 7 4 893 1
888 7 1 985 5
904 7 3 537 4
325 5 0 309 2
66 5 4 353 2
70 4 4 565 4
180 9 5 259 3
888 8 5 418 3
543 3 2 505 1
435 7 1 208 3
7 2 1 584 0
345 4 5 827 5
451 8 3 158 1
888 1 5 435 4
354 7 5 589 4
20 9 1 739 1
888 2 5 672 0
888 4 1 371 0
812 9 1 460 2
888 8 5 172 3
7 8 3 596 4
888 7 4 971 3
148 5 2 36 0
19 4 4 934 3
685 1 2 175 0
543 6 5 118 0
800 2 5 361 4
888 10 5 856 5
231 3 4 603 3
992 5 0 790 2
888 7 5 138 3
974 6 2 375 4
333 4 3 25 0
4 10 4 528 0
174 5 5 293 2
720 9 4 773 4
737 2 1 450 3
770 7 4 520 4
354 6 2 63 2
435 1 1 464 3
888 7 5 916 0
983 1 3 751 1
435 4 1 879 5
3 3 4 110 1
614 2 3 31 4
14 2 1 156 3
888 5 3 657 4
450 9 1 335 3
435 9 2 872 2
664 4 3 684 1
618 4 1 276 2
543 6 0 940 1
148 5 4 936 5
3 3 0 685 0
540 1 2 727 1
15 4 2 795 0
888 10 4 265 4
11 5 3 551 2
888 7 0 593 0
967 2 2 251 1
435 9 3 935 0
50 9 4 3 2
959 6 1 805 2
6 6 1 953 3
453 1 5 486 2
18 10 5 479 2
345 2 0 804 4
888 10 0 660 5
404 10 5 236 0
776 5 4 180 1
888 6 5 116 1
435 6 3 132 3
534 2 3 394 0
354 8 1 619 3
888 10 3 514 4
185 3 1 617 3
16 2 4 833 1
6 6 4 677 2
888 2 0 324 4
218 7 1 947 0
888 2 1 450 3
461 2 4 213 4
7 5 5 439 4
2 5 3 849 4
888 9 3 433 2
623 1 3 409 5
970 2 3 463 0
772 10 0 820 1
534 6 4 500 4
18 6 4 752 3
453 1 1 163 1
820 9 4 405 3
888 3 0 991 4
888 10 3 4 3
453 9 3 557 5
105 1 0 61 4
7 5 2 336 3
742 7 3 140 2
888 10 3 800 4
23 4 5 443 2
6 3 2 518 5
14 1 1 62 2
115 3 5 599 1
888 7 3 314 4
826 1 2 896 2
888 4 3 779 2
888 10 4 952 5
6 3 3 790 4
181 2 5 524 1
453 1 2 361 4
811 3 4 220 3
485 2 1 650 1
354 5 3 458 2
60 5 3 15 5
492 3 1 895 4
320 7 1 360 2
789 4 2 491 5
888 2 3 865 4
345 6 0 22 0
236 1 2 77 0
888 1 3 176 4
12 9 0 24 5
13 3 0 447 5
357 9 3 474 4
453 9 1 455 0
7 10 5 813 2
435 5 3 71 4
8 4 0 169 1
345 8 2 116 2
538 7 2 988 5
677 4 0 322 5
888 9 4 272 2
553 9 3 808 2
829 8 1 41 3
886 1 1 389 4
599 2 5 473 2
888 6 1 304 3
888 8 3 92 4
20 10 2 560 3
888 10 5 61 0
15 2 1 174 5
888 9 2 471 0
233 4 1 591 0
888 7 4 790 5
511 9 5 709 2
733 10 1 570 2
606 1 2 193 1
2 4 5 32 3
888 10 5 591 0
10 7 3 360 1
543 10 1 691 1
888 6 2 410 3
488 7 1 836 2
910 10 0 960 0
551 3 0 673 3
888 4 2 438 4
19 3 0 597 3
928 7 4 532 3
1 8 2 288 1
13 8 4 159 0
3 3 0 897 0
543 6 0 273 2
1 5 0 311 1
9 10 4 480 3
441 3 4 55 4
345 6 5 875 2
197 10 3 977 1
15 6 4 993 3
299 4 2 975 2
888 1 4 432 5
20 9 0 934 2
888 3 0 379 0
7 2 5 709 0
7 2 3 414 0
344 7 0 700 5
167 1 4 637 1
494 7 4 241 4
533 2 4 610 3
435 9 2 569 2
543 2 1 201 2
354 3 1 585 2
534 1 4 767 4
888 4 2 321 1
728 3 4 18 0
6 7 5 617 4
616 1 1 865 4
888 5 4 313 2
10 9 3 904 2
12 6 0 486 5
354 4 3 706 0
303 4 3 542 2
795 1 1 724 1
7 10 0 386 2
17 8 4 688 0
4 3 4 69 2
17 7 1 78 4
14 1 3 421 4
415 10 0 304 2
48 1 1 719 0
7 3 1 295 5
543 2 3 874 2
6 5 1 886 5
14 8 0 517 5
435 1 1 546 3
345 3 5 254 4
543 1 3 274 1
888 10 5 160 0
437 1 0 332 4
543 10 0 683 5
888 3 5 923 1
979 8 4 492 3
496 3 3 816 3
888 2 4 622 2
12 8 3 521 5
818 1 4 723 3
435 7 3 292 0
6 3 2 459 1
453 7 1 874 0
888 5 2 639 0
888 5 2 994 4
15 7 4 805 2
888 3 3 404 3
71 3 4 971 3
435 5 0 704 3
4 5 0 128 0
888 8 1 797 0
345 10 0 663 5
453 4 2 354 1
888 4 0 101 2
477 6 3 491 2
11 2 1 893 3
4 9 4 552 1
11 4 0 733 0
947 9 2 382 1
888 2 2 31 1
338 8 2 48 5
960 4 0 862 1
20 1 0 653 2
19 5 5 671 3
655 5 3 479 0
190 3 1 438 0
316 4 2 751 4
193 7 3 407 1
899 9 0 949 0
20 8 5 286 0
888 10 0 449 2
453 3 0 489 0
453 7 5 764 0
354 7 4 198 5
888 5 3 169 2
5 6 3 113 5
630 9 4 658 1
499 10 2 823 1
280 7 0 540 3
3 1 3 821 5
354 9 2 963 1
12 4 4 336 5
13 10 0 756 1
156 5 5 217 4
888 5 5 789 0
435 3 3 239 5
354 1 4 638 1
7 3 1 688 5
534 4 3 439 4
578 6 2 17 5
13 2 2 297 4
888 7 2 370 5
253 6 2 104 2
888 1 1 666 2
658 8 4 372 5
435 8 3 952 4
453 8 4 330 0
14 4 1 723 2
515 1 1 373 2
554 4 5 372 0
386 1 1 655 3
18 10 3 478 5
354 3 5 132 1
958 10 0 710 4
888 1 1 851 5
534 8 2 35 3
543 2 4 506 5
888 4 0 124 5
453 7 2 596 2
888 8 5 16 2
453 5 5 741 2
345 1 0 132 3
435 9 4 168 4
888 6 5 988 2
15 2 0 850 1
888 3 0 247 4
18 4 5 733 3
888 2 0 797 2
888 3 5 892 1
888 4 1 820 1
534 10 0 434 2
413 3 4 941 5
219 5 3 568 0
947 9 4 900 1
888 8 0 263 5
435 9 4 903 0
826 5 3 206 5
589 8 4 150 1
7 4 1 519 3
354 3 0 440 5
453 6 4 678 3
794 5 1 722 5
706 4 1 864 1
12 2 4 918 5
888 5 1 547 4
469 8 0 398 3
888 1 4 593 1
19 10 4 128 1
78 6 3 160 2
888 1 3 651 4
891 7 0 465 3
922 7 1 116 4
888 10 4 763 3
178 4 1 837 5
88 6 4 828 2
12 7 0 96 0
888 4 4 877 2
453 7 1 454 4
888 7 0 298 0
7 6 2 231 3
888 1 3 561 2
9 5 2 934 2
930 5 0 794 4
778 10 2 746 2
16 1 4 432 4
534 10 4 414 1
579 9 3 675 0
888 1 5 683 2
13 7 5 274 2
832 1 2 364 4
4 4 2 377 1
543 9 5 579 3
10 7 2 773 2
632 1 1 931 5
354 4 1 634 2
310 8 5 832 3
815 3 3 282 2
607 7 4 499 2
10 10 2 975 3
888 6 2 609 3
671 5 0 914 5
888 10 5 403 2
553 5 5 410 1
17 8 2 399 0
61 9 5 723 3
888 8 0 689 1
888 1 5 487 5
81 5 5 54 3
823 3 5 292 5
354 2 5 739 2
888 9 5 170 0
888 2 2 192 3
16 9 1 23 4
395 2 3 960 1
888 5 4 648 1
888 9 1 970 5
470 10 2 94 2
12 5 1 944 4
984 8 0 655 1
20 2 2 636 5
296 1 5 841 1
888 10 0 486 4
888 5 2 221 0
944 4 5 473 0
747 7 2 143 1
882 5 4 506 5
803 10 4 158 4
301 2 4 729 3
390 9 3 394 1
174 4 1 816 4
888 5 1 560 3
4 1 0 464 4
888 2 5 201 4
327 3 1 671 0
534 7 5 147 1
453 6 3 348 0
543 4 2 658 3
888 10 5 593 0
272 5 3 827 5
3 4 4 668 2
888 4 0 776 2
97 2 4 411 5
453 6 1 458 4
347 8 3 697 1
888 2 0 68 2
435 4 5 784 2
885 2 1 307 1
21 10 2 225 2
899 9 3 721 0
2 4 1 203 2
352 1 2 788 3
543 4 0 831 3
9 5 2 747 1
888 7 0 249 5
9 3 4 921 5
453 1 0 578 2
888 2 2 14 0
435 2 4 616 2
11 10 2 473 2
160 2 4 852 2
435 1 2 13 2
354 1 1 703 0
453 5 0 750 3
14 5 2 399 5
888 9 1 668 0
11 10 2 903 4
888 9 0 852 3
16 4 2 309 1
534 10 3 462 4
888 3 0 327 2
959 6 2 305 4
888 1 4 643 1
304 6 4 322 4
345 4 3 4 3
819 7 5 897 1
888 3 5 953 5
653 10 2 449 5
453 1 2 957 4
16 8 5 630 4
2 2 0 706 1
354 7 5 358 4
839 6 1 105 5
499 8 0 844 2
888 6 1 39 1
8 4 4 253 2
120 9 2 744 5
763 7 4 157 3
888 5 5 178 0
444 9 4 837 0
11 9 2 165 2
888 2 2 884 0
822 5 3 649 0
453 7 4 314 2
888 6 5 182 4
345 6 1 146 2
950 3 2 323 5
888 8 4 401 0
16 2 3 572 4
345 6 4 959 3
9 6 1 849 5
62 1 2 91 2
888 6 4 284 1
345 10 1 650 3
888 3 2 399 0
888 10 0 297 1
20 4 0 942 1
888 4 3 513 3
648 3 5 645 0
6 2 3 29 1
676 4 2 106 5
543 10 0 692 4
13 9 3 28 0
331 8 0 172 0
78 7 1 133 0
888 5 1 550 3
656 2 1 336 4
536 2 1 536 0
345 7 1 693 4
888 9 1 80 5
888 4 0 688 0
888 2 4 650 4
888 5 3 380 0
14 5 4 854 0
12 7 0 887 5
888 4 5 455 3
20 3 4 603 2
377 10 5 382 5
9 1 1 772 3
356 4 3 623 3
13 4 5 661 4
8 10 3 556 1
9 2 4 291 3
888 6 5 150 1
20 4 1 719 2
693 1 0 304 0
453 5 2 61 2
283 6 1 301 5
543 4 1 940 4
888 2 4 904 2
345 7 2 457 1
543 1 3 777 5
888 10 1 863 2
543 4 1 668 0
888 7 4 803 2
888 6 1 628 5
19 3 5 942 5
256 9 3 639 5
354 3 4 780 0
13 10 0 576 2
770 2 1 454 0
534 8 3 536 0
15 5 5 4 2
7 10 3 874 0
1 2 4 660 1
425 7 4 433 4
53 8 5 626 1
18 1 3 125 4
20 1 5 159 5
8 8 4 845 5
345 4 1 107 0
453 7 5 961 0
4 9 5 282 2
956 8 1 304 3
16 6 3 116 1
567 4 0 413 1
453 2 5 594 1
138 10 5 961 5
630 8 1 814 4
785 9 0 283 3
888 6 4 638 1
644 3 3 476 0
708 5 3 974 5
453 3 4 476 3
345 7 4 67 3
534 6 1 178 2
2 2 2 617 3
18 10 2 836 2
717 9 0 454 1
432 8 3 639 1
888 10 1 167 2
888 2 4 751 1
10 6 0 906 1
928 4 2 554 4
12 7 3 884 0
12 7 1 694 2
435 5 5 337 4
888 6 2 843 5
435 5 1 41 4
1 6 1 130 4
869 7 1 703 3
432 5 0 818 0
704 7 2 457 4
999 7 1 235 0
812 1 2 936 4
947 1 3 675 3
2 6 3 300 2
7 6 5 645 3
888 10 5 458 5
6 6 0 136 1
482 7 0 561 2
7 1 4 184 3
354 6 2 688 2
888 10 1 28 1
407 7 1 487 5
749 6 1 175 5
19 8 3 794 5
888 8 2 585 3
895 2 1 671 4
550 1 1 884 1
70 9 0 712 3
425 2 5 521 2
534 9 1 211 4
888 10 5 264 5
149 8 5 950 4
543 3 5 652 0
345 1 1 800 2
345 7 4 953 5
888 4 0 663 4
1 7 3 39 1
534 2 3 186 4
8 6 0 980 0
594 1 4 182 3
430 8 1 127 5
155 3 4 310 3
100 5 0 583 3
1 10 3 811 5
888 1 2 299 0
6 5 0 386 0
75 4 4 29 4
13 7 3 934 4
198 4 2 510 0
453 4 3 132 5
888 9 4 287 4
28 8 0 928 3
712 2 3 155 2
715 6 4 60 3
183 4 2 695 3
529 1 1 357 2
534 3 4 300 0
543 8 4 461 1
1 1 3 998 2
543 5 2 746 5
106 10 1 145 4
322 9 1 75 0
6 3 4 244 4
141 3 4 109 3
574 3 0 296 4
543 1 0 547 2
888 9 0 551 5
435 8 4 386 1
352 4 1 172 5
888 2 3 426 0
15 2 2 799 4
534 6 0 666 5
534 10 5 726 4
11 3 4 86 4
1 7 2 67 4
345 2 5 342 2
17 9 1 201 0
567 6 2 57 2
10 1 3 130 2
543 6 1 793 5
10 6 2 538 3
888 7 2 117 3
354 5 5 36 0
8 3 5 425 0
216 8 5 865 3
453 8 4 933 1
534 3 5 519 0
371 6 5 436 4
12 9 4 573 0
354 9 4 864 5